#SNname    zcmb    sBV    +/-   dm15   +/-   M(H)    +/-     M(J)    +/-     M(Y)    +/-     M(i)    +/-     M(V)    +/-     M(B)    +/-    
SN2004dt   0.01881  1.189 0.010  1.104 0.011  99.990  9.990  99.990  9.990  99.990  9.990 -19.197  0.132 -19.645  0.137 -19.808  0.142
SN2004ef   0.02977  0.816 0.003  1.354 0.016 -18.439  0.104 -18.463  0.139 -18.485  0.109 -18.338  0.076 -19.071  0.077 -19.106  0.078
SN2004eo   0.01474  0.823 0.005  1.390 0.014 -18.302  0.152 -18.493  0.151 -18.302  0.157 -18.440  0.149 -19.022  0.150 -19.093  0.149
SN2004ey   0.01463  1.010 0.003  0.930 0.037 -18.068  0.149 -18.430  0.149 -18.338  0.149 -18.363  0.149 -19.109  0.149 -19.177  0.150
SN2004gc   0.03071  0.922 0.023  1.078 0.046  99.990  9.990  99.990  9.990  99.990  9.990 -18.540  0.111 -19.266  0.103 -19.302  0.115
SN2004gs   0.02828  0.690 0.004  1.602 0.027 -18.179  0.100 -18.414  0.112 -18.311  0.098 -18.184  0.079 -18.764  0.080 -18.749  0.081
SN2004gu   0.04690  1.250 0.011  0.813 0.010 -18.302  0.111 -18.740  0.197 -18.545  0.077 -18.585  0.053 -19.505  0.055 -19.514  0.057
SN2005A    0.01834  0.963 0.011  1.109 0.054 -18.445  0.145 -18.668  0.169 -18.752  0.157 -18.440  0.123 -19.410  0.124 -19.397  0.124
SN2005M    0.02558  1.209 0.002  0.865 0.025 -18.525  0.086 -18.721  0.086 -18.653  0.086 -18.802  0.087 -19.566  0.088 -19.629  0.088
SN2005W    0.00795  0.923 0.008  1.121 0.034  99.990  9.990  99.990  9.990  99.990  9.990 -18.252  0.279 -18.997  0.282 -19.058  0.282
SN2005ag   0.08008  1.189 0.008  0.890 0.078  99.990  9.990 -18.523  0.118  99.990  9.990 -18.595  0.035 -19.454  0.039 -19.506  0.041
SN2005al   0.01329  0.858 0.003  1.181 0.045 -18.054  0.169 -18.284  0.181 -18.155  0.173 -18.042  0.164 -18.776  0.164 -18.850  0.164
SN2005am   0.00897  0.725 0.003  1.486 0.054 -18.685  0.243 -19.003  0.254 -18.819  0.244 -18.712  0.243 -19.333  0.243 -19.339  0.243
SN2005be   0.03558  0.760 0.018  1.457 0.041  99.990  9.990  99.990  9.990  99.990  9.990 -18.346  0.087 -18.992  0.078 -18.993  0.091
SN2005bg   0.02416  1.002 0.027  1.020 0.051  99.990  9.990  99.990  9.990  99.990  9.990 -18.459  0.112 -19.302  0.104 -19.335  0.112
SN2005bl   0.02511  0.387 0.013  1.906 0.011  99.990  9.990  99.990  9.990  99.990  9.990 -17.737  0.110 -18.191  0.115 -17.880  0.120
SN2005bo   0.01501  0.849 0.007  1.289 0.017  99.990  9.990  99.990  9.990  99.990  9.990 -18.578  0.157 -19.227  0.164 -19.298  0.163
SN2005el   0.01488  0.839 0.003  1.293 0.088 -18.270  0.147 -18.422  0.147 -18.412  0.146 -18.337  0.146 -18.994  0.146 -19.064  0.147
SN2005eq   0.02835  1.121 0.010  0.735 0.030 -18.340  0.088 -18.627  0.082 -18.444  0.079 -18.533  0.079 -19.378  0.079 -19.436  0.080
SN2005hc   0.04450  1.193 0.006  0.909 0.030 -18.369  0.094 -18.488  0.058 -18.448  0.052 -18.469  0.053 -19.344  0.055 -19.405  0.055
SN2005hj   0.05695  1.280 0.016  0.876 0.071  99.990  9.990 -18.889  0.100 -18.656  0.059 -18.677  0.048 -19.618  0.051 -19.634  0.053
SN2005iq   0.03293  0.872 0.004  1.235 0.028 -18.191  0.085 -18.417  0.073 -18.403  0.068 -18.290  0.068 -18.990  0.069 -19.046  0.069
SN2005ir   0.07523  1.121 0.021  0.883 0.068  99.990  9.990  99.990  9.990  99.990  9.990 -18.560  0.040 -19.428  0.042 -19.448  0.043
SN2005kc   0.01389  0.898 0.006  1.214 0.022 -18.308  0.158 -18.550  0.158 -18.541  0.158 -18.477  0.158 -19.150  0.158 -19.225  0.158
SN2005ki   0.02037  0.825 0.003  1.239 0.022 -18.340  0.109 -18.480  0.108 -18.466  0.107 -18.413  0.107 -19.059  0.107 -19.106  0.108
SN2005ku   0.04418  0.959 0.043  1.020 0.067  99.990  9.990  99.990  9.990 -18.504  0.212 -18.388  0.102 -19.201  0.082 -19.258  0.094
SN2005lu   0.03129  1.130 0.033  0.844 0.043  99.990  9.990  99.990  9.990 -18.286  0.123 -18.410  0.104 -19.273  0.097 -19.326  0.106
SN2005mc   0.02601  0.640 0.025  1.610 0.039  99.990  9.990  99.990  9.990  99.990  9.990 -18.161  0.120 -18.707  0.114 -18.655  0.122
SN2005na   0.02681  0.957 0.007  0.966 0.039 -18.476  0.100 -18.756  0.139 -18.569  0.097 -18.653  0.083 -19.377  0.084 -19.445  0.084
SN2006D    0.00964  0.815 0.003  1.412 0.022 -18.514  0.228 -18.526  0.233 -18.461  0.227 -18.484  0.226 -19.168  0.226 -19.202  0.226
SN2006X    0.00632  0.970 0.006  1.061 0.015 -19.518  0.344 -19.826  0.344 -19.762  0.344 -19.514  0.344 -20.500  0.344 -20.509  0.344
SN2006ax   0.01796  0.985 0.004  1.010 0.034 -18.339  0.122 -18.626  0.121 -18.488  0.121 -18.564  0.121 -19.293  0.121 -19.367  0.122
SN2006bd   0.02680  0.379 0.012  1.899 0.009 -17.897  0.141 -17.758  0.108 -17.878  0.102 -17.590  0.093 -18.048  0.094 -17.661  0.101
SN2006bh   0.01049  0.802 0.003  1.422 0.019 -18.223  0.207 -18.349  0.207 -18.303  0.207 -18.238  0.207 -18.889  0.207 -18.941  0.207
SN2006br   0.02552  0.907 0.029  1.105 0.069 -18.416  0.152 -18.789  0.143 -18.642  0.127 -18.468  0.117 -19.366  0.109 -19.362  0.121
SN2006ef   0.01703  0.837 0.020  1.355 0.038  99.990  9.990  99.990  9.990  99.990  9.990 -18.162  0.146 -18.883  0.142 -18.934  0.153
SN2006ej   0.01934  0.829 0.018  1.369 0.036 -18.244  0.130 -18.550  0.137 -18.425  0.116 -18.246  0.130 -18.997  0.121 -19.057  0.127
SN2006eq   0.04837  0.613 0.023  1.619 0.038 -18.584  0.179 -18.311  0.116 -18.178  0.078 -18.109  0.086 -18.677  0.072 -18.595  0.086
SN2006et   0.02165  1.093 0.008  0.879 0.024 -18.403  0.102 -18.673  0.102 -18.593  0.102 -18.658  0.102 -19.422  0.102 -19.499  0.102
SN2006ev   0.02760  0.850 0.020  1.335 0.036 -18.207  0.097 -18.435  0.115 -18.303  0.097 -18.201  0.104 -18.987  0.093 -19.013  0.100
SN2006fw   0.08199  0.888 0.049  1.120 0.121  99.990  9.990  99.990  9.990  99.990  9.990 -18.609  0.088 -19.047  0.074 -19.244  0.069
SN2006gj   0.02697  0.655 0.007  1.638 0.082 -18.057  0.111 -18.333  0.123 -18.223  0.102 -18.087  0.085 -18.608  0.086 -18.591  0.086
SN2006gt   0.04364  0.558 0.008  1.862 0.092 -17.987  0.126 -18.304  0.075 -18.156  0.058 -18.043  0.055 -18.554  0.056 -18.404  0.057
SN2006hb   0.01534  0.672 0.018  1.582 0.035 -18.207  0.147 -18.450  0.158 -18.320  0.152 -18.217  0.154 -18.795  0.148 -18.741  0.152
SN2006hx   0.04440  0.993 0.018  1.250 0.068 -18.524  0.085 -18.695  0.087 -18.529  0.073 -18.743  0.068 -19.415  0.059 -19.463  0.059
SN2006is   0.03142  1.325 0.026  0.796 0.040 -18.403  0.096 -18.881  0.127 -18.410  0.094 -18.453  0.098 -19.462  0.082 -19.519  0.090
SN2006kf   0.02080  0.734 0.004  1.585 0.026 -18.283  0.109 -18.432  0.105 -18.365  0.106 -18.241  0.106 -18.849  0.107 -18.886  0.108
SN2006lu   0.05440  1.051 0.022  0.939 0.037  99.990  9.990  99.990  9.990 -18.290  0.086 -18.515  0.077 -19.321  0.061 -19.362  0.072
SN2006mr   0.00551  0.229 0.004  1.825 0.022 -17.395  0.092 -17.262  0.091 -17.436  0.093 -17.079  0.096 -17.123  0.100 -16.660  0.106
SN2006ob   0.05826  0.717 0.012  1.500 0.016 -18.276  0.187 -18.422  0.136 -18.329  0.101 -18.343  0.047 -18.938  0.047 -18.894  0.047
SN2006os   0.03208  0.917 0.024  1.045 0.048 -18.416  0.108 -18.576  0.079 -18.578  0.075 -18.525  0.102 -19.214  0.087 -19.301  0.094
SN2006py   0.05664  0.943 0.025  1.071 0.053  99.990  9.990  99.990  9.990  99.990  9.990 -18.523  0.053 -19.284  0.054 -19.323  0.056
SN2007A    0.01646  1.013 0.011  0.980 0.079 -18.266  0.141 -18.574  0.134 -18.457  0.133 -18.490  0.133 -19.266  0.134 -19.329  0.134
SN2007N    0.01400  0.323 0.008  1.928 0.005 -17.751  0.164 -17.660  0.173 -17.621  0.167 -17.244  0.160 -17.658  0.162 -17.290  0.164
SN2007S    0.01502  1.115 0.009  0.774 0.085 -18.577  0.145 -18.823  0.145 -18.698  0.145 -18.783  0.146 -19.600  0.146 -19.670  0.146
SN2007af   0.00629  0.924 0.003  1.170 0.031 -18.309  0.063 -18.501  0.063 -18.428  0.063 -18.413  0.064 -19.140  0.064 -19.228  0.065
SN2007ai   0.03199  1.233 0.014  0.810 0.012 -18.607  0.078 -18.847  0.074 -18.634  0.073 -18.723  0.076 -19.565  0.077 -19.659  0.079
SN2007al   0.01326  0.343 0.022  1.912 0.007 -17.833  0.177 -17.664  0.182 -17.574  0.177 -17.429  0.181 -17.768  0.175 -17.393  0.181
SN2007as   0.01790  0.884 0.005  1.174 0.006 -18.288  0.126 -18.500  0.123 -18.453  0.123 -18.332  0.123 -19.132  0.123 -19.166  0.123
SN2007ax   0.00764  0.369 0.011  1.902 0.056 -17.477  0.300  99.990  9.990 -17.359  0.287 -17.102  0.288 -17.457  0.289 -17.145  0.290
SN2007ba   0.03905  0.542 0.006  1.828 0.028 -18.489  0.105 -18.449  0.067 -18.385  0.059 -18.322  0.063 -18.730  0.061 -18.619  0.062
SN2007bc   0.02185  0.877 0.005  1.340 0.130 -18.357  0.119 -18.473  0.103 -18.554  0.102 -18.462  0.101 -19.128  0.101 -19.195  0.101
SN2007bd   0.03183  0.882 0.005  1.182 0.039 -18.323  0.089 -18.526  0.078 -18.489  0.071 -18.426  0.071 -19.142  0.071 -19.200  0.071
SN2007bm   0.00744  0.908 0.008  1.194 0.012 -18.597  0.294 -18.799  0.292 -18.752  0.293 -18.769  0.293 -19.431  0.293 -19.508  0.292
SN2007ca   0.01507  1.058 0.007  0.895 0.017 -18.372  0.146 -18.592  0.146 -18.422  0.145 -18.531  0.145 -19.322  0.146 -19.400  0.145
SN2007cg   0.03417  1.109 0.047  0.799 0.052  99.990  9.990  99.990  9.990 -18.757  0.109 -18.685  0.114 -19.556  0.107 -19.599  0.119
SN2007hj   0.01288  0.602 0.005  1.767 0.021 -17.916  0.173 -18.131  0.183 -18.000  0.177 -17.880  0.170 -18.399  0.171 -18.317  0.170
SN2007hx   0.07887  1.057 0.042  0.921 0.058  99.990  9.990  99.990  9.990 -18.742  0.089 -18.551  0.085 -19.400  0.065 -19.445  0.078
SN2007jd   0.07191  0.873 0.033  1.303 0.055 -18.116  0.329 -18.405  0.140 -18.315  0.111 -18.266  0.089 -19.004  0.066 -19.056  0.082
SN2007jg   0.03658  0.912 0.007  1.233 0.050 -18.340  0.148 -18.115  0.066 -18.194  0.064 -18.103  0.063 -18.869  0.063 -18.929  0.064
SN2007jh   0.04027  0.584 0.019  1.720 0.170  99.990  9.990  99.990  9.990 -18.366  0.245 -18.024  0.073 -18.602  0.073 -18.483  0.075
SN2007le   0.00552  1.024 0.004  0.947 0.036 -17.901  0.393 -18.162  0.393 -18.029  0.393 -18.002  0.393 -18.882  0.393 -18.934  0.393
SN2007mm   0.06887  0.500 0.020  1.800 0.093  99.990  9.990  99.990  9.990  99.990  9.990 -17.921  0.058 -18.600  0.061 -18.294  0.068
SN2007nq   0.04390  0.746 0.005  1.328 0.095 -18.726  0.113 -18.711  0.110 -18.574  0.077 -18.466  0.053 -19.102  0.055 -19.105  0.055
SN2007ol   0.05488  0.696 0.035  1.564 0.031  99.990  9.990  99.990  9.990  99.990  9.990  99.990  9.990 -18.708  0.047 -18.785  0.045
SN2007on   0.00618  0.553 0.004  1.940 0.160 -18.799  0.351 -18.860  0.351 -18.818  0.351 -18.642  0.352 -19.099  0.351 -18.994  0.351
SN2007so   0.02893  0.851 0.009  1.193 0.028 -19.111  0.109 -19.627  0.130 -19.005  0.089 -18.924  0.103 -19.526  0.109 -19.700  0.108
SN2007sr   0.00666  0.989 0.017  0.983 0.036 -18.271  0.074 -18.597  0.095 -18.371  0.086 -18.459  0.091 -19.269  0.080 -19.307  0.085
SN2007st   0.02065  0.776 0.022  1.429 0.054 -18.589  0.132 -19.099  0.166 -18.817  0.124 -18.734  0.128 -19.330  0.120 -19.362  0.126
SN2007ux   0.03200  0.600 0.006  1.631 0.010 -18.107  0.073 -18.266  0.072 -18.137  0.070 -18.054  0.071 -18.585  0.071 -18.484  0.071
SN2008C    0.01707  0.954 0.025  1.059 0.050 -18.294  0.140 -18.592  0.162 -18.486  0.137 -18.504  0.148 -19.222  0.138 -19.290  0.144
SN2008J    0.01513  1.766 0.067  0.790 0.010 -21.002  0.375 -21.379  0.172 -21.373  0.177 -21.207  0.182 -21.499  0.189 -21.257  0.186
SN2008O    0.03932  0.644 0.012  1.600 0.071 -18.160  0.092 -18.307  0.070 -18.206  0.063 -18.106  0.063 -18.631  0.062 -18.616  0.062
SN2008R    0.01289  0.592 0.005  1.807 0.022 -18.061  0.176 -18.254  0.185 -18.101  0.178 -18.063  0.169 -18.535  0.169 -18.453  0.170
SN2008ar   0.02725  0.971 0.006  1.010 0.009 -18.378  0.094 -18.456  0.085 -18.391  0.082 -18.445  0.082 -19.196  0.082 -19.279  0.082
SN2008bc   0.01571  1.051 0.005  0.832 0.019 -18.277  0.139 -18.470  0.139 -18.319  0.139 -18.459  0.139 -19.286  0.139 -19.333  0.140
SN2008bd   0.03128  0.409 0.011  1.998 0.040 -18.473  0.155 -18.761  0.154 -18.334  0.083 -18.074  0.110 -18.605  0.090 -18.225  0.101
SN2008bf   0.02508  1.023 0.004  0.949 0.032 -18.199  0.097 -18.627  0.087 -18.456  0.087 -18.554  0.087 -19.343  0.087 -19.394  0.087
SN2008bi   0.01439  0.480 0.027  1.782 0.040 -17.879  0.169 -18.525  0.201 -17.875  0.173 -17.793  0.178 -18.237  0.174 -18.038  0.193
SN2008bq   0.03444  1.156 0.009  0.919 0.009 -18.456  0.144 -18.788  0.121 -18.664  0.090 -18.679  0.070 -19.500  0.072 -19.587  0.072
SN2008bt   0.01658  0.469 0.009  1.853 0.038 -17.963  0.268 -18.094  0.196 -17.936  0.141 -17.852  0.135 -18.267  0.137 -18.051  0.137
SN2008bz   0.06133  0.928 0.022  1.080 0.049  99.990  9.990  99.990  9.990 -18.301  0.108 -18.326  0.074 -19.130  0.056 -19.186  0.067
SN2008cc   0.01012  0.788 0.017  1.404 0.035 -18.677  0.216 -18.946  0.220 -18.708  0.216 -18.620  0.223 -19.350  0.219 -19.387  0.222
SN2008cd   0.00846  1.011 0.080  1.070 0.156  99.990  9.990  99.990  9.990  99.990  9.990 -18.688  0.331 -19.430  0.352 -19.511  0.357
SN2008cf   0.04683  1.118 0.035  0.796 0.043 -18.347  0.085 -18.455  0.192 -18.224  0.083 -18.524  0.082 -19.428  0.062 -19.432  0.070
SN2008ff   0.01867  1.115 0.011  0.844 0.013 -18.155  0.118 -18.315  0.123 -18.300  0.118 -18.382  0.119 -19.260  0.118 -19.269  0.118
SN2008fl   0.01942  0.856 0.018  1.330 0.035 -18.460  0.121 -18.634  0.142 -18.641  0.126 -18.563  0.129 -19.185  0.121 -19.273  0.127
SN2008fp   0.00629  1.082 0.007  0.810 0.030 -18.636  0.345 -18.980  0.345 -18.798  0.346 -18.967  0.346 -19.733  0.347 -19.761  0.346
SN2008fr   0.03791  1.126 0.028  0.958 0.042 -18.186  0.077 -18.224  0.129 -18.207  0.082 -18.370  0.087 -19.220  0.074 -19.256  0.084
SN2008fu   0.05183  0.820 0.022  1.411 0.045 -18.384  0.089 -18.711  0.128 -18.530  0.082 -18.366  0.081 -19.039  0.068 -19.138  0.088
SN2008fw   0.00951  1.112 0.023  0.844 0.036 -18.295  0.230 -18.382  0.233 -18.362  0.229 -18.430  0.236 -19.257  0.232 -19.309  0.235
SN2008gg   0.03107  1.113 0.026  0.844 0.043 -18.194  0.088 -18.622  0.114 -18.331  0.093 -18.444  0.096 -19.327  0.084 -19.364  0.090
SN2008gl   0.03295  0.851 0.004  1.272 0.030 -18.274  0.087 -18.532  0.071 -18.233  0.069 -18.358  0.068 -19.060  0.069 -19.115  0.069
SN2008go   0.06131  0.911 0.023  1.227 0.030  99.990  9.990  99.990  9.990 -18.459  0.064 -18.374  0.043 -19.168  0.044 -19.242  0.044
SN2008gp   0.03282  0.973 0.005  1.002 0.030 -18.235  0.091 -18.575  0.072 -18.492  0.069 -18.520  0.068 -19.280  0.068 -19.314  0.069
SN2008hj   0.03672  1.011 0.008  0.910 0.014 -18.250  0.104 -18.390  0.074 -18.246  0.064 -18.379  0.061 -19.185  0.061 -19.254  0.061
SN2008hu   0.05053  0.783 0.008  1.443 0.017 -18.362  0.123 -18.363  0.064 -18.334  0.055 -18.250  0.048 -18.917  0.049 -18.947  0.052
SN2008hv   0.01358  0.846 0.003  1.270 0.048 -18.237  0.161 -18.455  0.160 -18.349  0.160 -18.318  0.160 -19.006  0.160 -19.061  0.161
SN2008ia   0.02254  0.842 0.004  1.241 0.037 -18.558  0.100 -18.594  0.100 -18.504  0.098 -18.422  0.099 -19.130  0.100 -19.234  0.101
SN2009D    0.02465  1.185 0.006  0.984 0.020 -18.422  0.090 -18.759  0.092 -18.536  0.090 -18.700  0.090 -19.480  0.091 -19.565  0.091
SN2009F    0.01291  0.343 0.008  1.904 0.008 -17.711  0.174 -17.682  0.172 -17.718  0.172 -17.434  0.173 -17.700  0.174 -17.392  0.175
SN2009I    0.02543  1.064 0.019  0.802 0.024 -18.497  0.095 -18.845  0.088 -18.724  0.088 -18.730  0.089 -19.529  0.089 -19.611  0.089
SN2009P    0.02632  1.093 0.030  0.796 0.018  99.990  9.990 -18.641  0.105 -18.307  0.097 -18.419  0.091 -19.350  0.091 -19.383  0.091
SN2009Y    0.01010  1.189 0.008  0.960 0.030 -18.413  0.217 -18.623  0.217 -18.547  0.216 -18.625  0.216 -19.496  0.216 -19.531  0.216
SN2009aa   0.02848  0.908 0.004  1.205 0.042 -18.416  0.079 -18.613  0.078 -18.554  0.078 -18.566  0.078 -19.254  0.078 -19.318  0.078
SN2009ab   0.01086  0.873 0.005  1.221 0.029 -18.082  0.201 -18.329  0.201 -18.308  0.201 -18.206  0.201 -18.873  0.201 -18.959  0.202
SN2009ad   0.02832  1.017 0.006  0.907 0.024 -18.296  0.089 -18.665  0.079 -18.531  0.079 -18.584  0.078 -19.344  0.079 -19.400  0.079
SN2009ag   0.00925  0.961 0.007  1.049 0.015 -18.188  0.235 -18.412  0.235 -18.379  0.236 -18.328  0.237 -19.039  0.237 -19.154  0.237
SN2009al   0.02328  1.174 0.040  0.696 0.019 -18.455  0.104 -18.819  0.103 -18.704  0.104 -18.846  0.125 -19.528  0.108 -19.619  0.116
SN2009cz   0.02198  1.189 0.012  0.851 0.022 -18.335  0.109 -18.682  0.105 -18.514  0.103 -18.656  0.101 -19.430  0.102 -19.509  0.102
SN2009ds   0.02047  1.126 0.020  0.727 0.027 -18.361  0.116 -18.723  0.111 -18.318  0.112 -18.649  0.109 -19.443  0.108 -19.508  0.108
SN2009le   0.01703  1.166 0.022  0.785 0.029  99.990  9.990  99.990  9.990  99.990  9.990 -18.549  0.136 -19.391  0.139 -19.448  0.140
SN2011iv   0.00618  0.649 0.007  1.550 0.008 -19.090  0.353 -19.241  0.352 -19.640  0.353 -19.157  0.351 -19.625  0.351 -19.608  0.351
SN1981B    0.00717  0.921 0.006  1.140 0.015 -18.341  0.080 -18.489  0.124  99.990  9.990  99.990  9.990 -19.154  0.072 -19.223  0.072
SN1990N    0.00407  1.122 0.009  1.037 0.015  99.990  9.990  99.990  9.990  99.990  9.990 -18.634  0.082 -19.420  0.087 -19.497  0.088
SN1994ae   0.00512  1.046 0.007  0.923 0.007  99.990  9.990  99.990  9.990  99.990  9.990 -18.484  0.081 -19.286  0.085 -19.411  0.085
SN1995al   0.00588  1.126 0.016  0.874 0.020  99.990  9.990  99.990  9.990  99.990  9.990 -18.604  0.095 -19.452  0.102 -19.497  0.102
SN1998aq   0.00426  0.949 0.005  1.050 0.007  99.990  9.990  99.990  9.990  99.990  9.990 -18.466  0.066 -19.159  0.067 -19.272  0.069
SN2002fk   0.00661  0.998 0.004  0.990 0.008  99.990  9.990  99.990  9.990  99.990  9.990 -18.590  0.066 -19.240  0.067 -19.344  0.069
